
!!COPY OF DEFINITIONS FILE USED TO CREATE LIBRARY:
START_FRAGMENT 0 0
SMARTS_DEF cc(n)-!@C(=O)-!@[NH]C
ROT_BOND_ATOMS 2 1 3 5 1 3 5 6
END_FRAGMENT
START_FRAGMENT 1 1
SMARTS_DEF [CX4]C(=[O,N])-!@cc-!@[O,N]H
ROT_BOND_ATOMS 2 1 3 4
END_FRAGMENT
START_FRAGMENT 2 2
SMARTS_DEF O=C-!@[NH]-!@C=O
ROT_BOND_ATOMS 0 1 2 3 1 2 3 4
END_FRAGMENT
START_FRAGMENT 3 3
SMARTS_DEF [C,c][NH]-!@C(=[OX1])-!@[NH]C(=[O,S])
ROT_BOND_ATOMS 0 1 2 4 1 2 4 5
SMARTS_DEF [C,c][NH]-!@C(=[OX1])-!@[NH]c[nX2]
ROT_BOND_ATOMS 0 1 2 4 1 2 4 5
END_FRAGMENT
START_FRAGMENT 4 4
SMARTS_DEF O=C-!@[NH]-!@C(=N)S
ROT_BOND_ATOMS 0 1 2 3 1 2 3 5
END_FRAGMENT
START_FRAGMENT 5 5
SMARTS_DEF [cH]1[c,n][c,n][c,n][cH]c1-!@O-!@c2[cH][c,n][c,n][c,n][cH]2
ROT_BOND_ATOMS 4 5 6 7 5 6 7 8
END_FRAGMENT
START_FRAGMENT 6 6
SMARTS_DEF [cH]1[c,n][c,n][c,n][cH]c1-!@[NH]-!@c2[cH][c,n][c,n][c,n][cH]2
ROT_BOND_ATOMS 4 5 6 7 5 6 7 8
END_FRAGMENT
START_FRAGMENT 7 7
SMARTS_DEF [cH]1[c,n][c,n][c,n][cH]c1-!@C(=O)-!@c2[cH][c,n][c,n][c,n][cH]2
ROT_BOND_ATOMS 4 5 6 8 5 6 8 9
END_FRAGMENT
START_FRAGMENT 8 8
SMARTS_DEF [cH]1[c,n][c,n][c,n][cH]c1-!@[CH2]-!@c2[cH][c,n][c,n][c,n][cH]2
ROT_BOND_ATOMS 4 5 6 7 5 6 7 8
END_FRAGMENT
START_FRAGMENT 9 9
SMARTS_DEF [C,c][NH]-!@C(=S)-!@[NH][C,c]
ROT_BOND_ATOMS 0 1 2 4 1 2 4 5
END_FRAGMENT
!!END OF DEFINITIONS FILE
START_DISTRIBUTION 0
NOBS,NBINS,NROT 365 12 2
0 -180 283 -30 -180 26 30 -180 22 0 150 7 -180 -180 6 -90 -180 6 150 -180 4 0 -150 4 
60 -180 3 120 -180 2 90 -180 1 60 -150 1 
START_DISTRIBUTION 1
NOBS,NBINS,NROT 698 12 1
0 595 -180 39 30 26 -30 18 90 5 -120 4 -90 3 120 3 
150 2 -150 1 -60 1 60 1 
START_DISTRIBUTION 2
NOBS,NBINS,NROT 354 16 2
0 -180 149 -180 0 102 0 0 78 30 0 5 -30 0 4 0 -30 2 -180 -180 2 -180 30 2 
-180 -30 2 120 0 2 -30 -30 1 30 30 1 30 -30 1 150 0 1 0 30 1 -120 0 1 
START_DISTRIBUTION 3
NOBS,NBINS,NROT 215 6 2
-180 0 191 0 -180 10 -180 -180 10 -180 30 2 -180 -30 1 30 -180 1 
START_DISTRIBUTION 4
NOBS,NBINS,NROT 287 9 2
0 0 268 0 30 6 0 -30 5 0 -180 2 -180 -180 2 -30 0 1 30 0 1 0 150 1 
0 -150 1 
START_DISTRIBUTION 5
NOBS,NBINS,NROT 823 79 2
-30 150 33 30 -150 30 0 -90 30 -150 30 30 0 90 29 -180 90 29 -120 -150 23 -180 -90 23 
-90 -180 23 -30 120 21 150 -30 21 60 -150 21 -150 60 21 -60 -30 20 -60 150 19 150 150 19 
-90 0 18 30 60 18 -150 -150 18 30 -120 18 60 30 17 -30 -30 17 90 0 17 150 120 16 
-30 -60 16 -150 -120 15 90 -180 15 120 -30 15 120 150 14 -120 30 13 30 30 12 -180 -60 12 
150 -60 10 60 0 10 -120 0 9 -120 -180 9 -60 -180 9 0 -120 9 -180 120 8 120 -60 8 
-180 60 8 -60 120 7 0 120 7 120 0 6 -180 -120 6 -60 0 5 60 -180 5 120 -180 5 
120 120 4 -120 60 4 150 -90 4 -60 -60 3 -30 -90 3 -90 150 3 60 60 3 -90 -30 3 
60 -120 3 -120 -120 2 -90 -60 2 90 30 2 0 -60 2 -90 -150 2 0 60 2 0 150 2 
-30 -180 1 -150 120 1 120 -120 1 0 -150 1 -90 -90 1 90 -90 1 90 -150 1 -30 0 1 
-150 -90 1 -90 -120 1 -180 30 1 -180 150 1 -180 -150 1 -90 30 1 -150 90 1 
START_DISTRIBUTION 6
NOBS,NBINS,NROT 346 52 2
150 -180 19 -30 -30 15 0 30 15 -150 30 15 30 -150 15 -30 150 15 150 -30 14 0 150 14 
-180 0 14 150 150 14 30 30 13 -180 -30 13 0 -30 12 -30 -180 11 0 -150 11 30 -180 10 
0 -180 10 0 0 8 -180 -60 8 30 0 7 -180 150 7 -180 30 7 -180 -180 7 -180 -150 6 
-150 0 6 -180 60 6 120 0 5 -150 -150 5 -30 0 5 -180 -120 4 150 0 4 -120 0 3 
60 -180 3 -120 -180 2 -180 90 2 0 -120 2 0 60 2 0 -60 2 -150 -180 2 0 -90 1 
120 30 1 60 -120 1 0 120 1 30 -90 1 -60 0 1 -60 -90 1 -90 60 1 -30 120 1 
-150 60 1 -90 -180 1 90 -180 1 -180 120 1 
START_DISTRIBUTION 7
NOBS,NBINS,NROT 668 55 2
150 -30 87 30 -150 76 -30 150 73 -150 30 68 30 30 58 150 150 56 -30 -30 55 -150 -150 49 
60 -180 9 -180 30 9 30 60 9 -60 -180 7 -30 -180 6 -30 -60 6 -60 150 5 -60 0 5 
-180 -60 5 -150 -180 5 150 0 4 0 120 4 -180 60 4 -180 -150 4 60 -150 4 60 0 3 
150 -180 3 0 150 3 -120 -180 3 30 -120 3 60 30 3 -150 0 3 -180 -30 3 -180 -120 2 
0 -120 2 120 -30 2 120 0 2 -60 -30 2 0 0 2 -30 0 2 30 -180 2 150 -60 2 
-150 60 2 -150 -120 2 -180 150 2 -120 0 1 0 -180 1 -30 120 1 90 -150 1 -90 -180 1 
0 -60 1 -150 -60 1 150 120 1 -90 60 1 0 60 1 -90 -30 1 60 120 1 
START_DISTRIBUTION 8
NOBS,NBINS,NROT 415 82 2
90 90 32 -90 90 20 -90 -90 20 60 -120 18 60 60 17 90 -90 16 120 -60 15 -60 120 14 
-150 -120 12 -60 -60 12 90 0 9 -120 -150 9 120 150 9 150 -60 8 -60 -30 7 60 -150 6 
120 90 6 -120 60 6 -90 -120 6 90 120 6 120 120 6 150 90 5 30 90 5 -60 -90 5 
-30 -60 5 60 30 5 -90 -60 5 -120 90 5 -30 120 5 -120 -90 5 -120 -120 5 120 -30 5 
-180 -90 5 -150 60 4 90 150 4 60 -90 4 -60 90 4 120 -90 4 60 90 4 -30 -90 4 
-90 120 3 -90 150 3 0 90 3 90 -180 3 90 -60 3 -60 150 3 90 -30 3 90 60 3 
150 -90 3 -150 90 3 30 -90 2 -120 0 2 90 30 2 -90 -180 2 -180 90 2 -90 -30 2 
-90 0 2 120 -180 2 -60 -180 2 -150 -90 2 -90 60 2 150 120 1 -30 90 1 -120 30 1 
-150 -150 1 120 0 1 30 -120 1 90 -120 1 0 120 1 -90 -150 1 90 -150 1 30 -150 1 
-180 -120 1 150 150 1 30 60 1 150 -30 1 -150 30 1 0 -120 1 -90 30 1 -30 -30 1 
0 -90 1 -180 -60 1 
START_DISTRIBUTION 9
NOBS,NBINS,NROT 1302 20 2
0 -180 668 -180 0 414 -180 -180 155 -30 -180 10 -180 30 8 30 -180 8 -180 -30 7 150 0 6 
-150 0 5 -180 150 4 150 -180 3 0 -150 3 0 150 3 -180 -150 2 -30 -30 1 -150 -180 1 
-30 150 1 150 -30 1 -150 30 1 30 30 1 
